73212115111204527822772325277236632244464422574922799963999282420050010212
29971115341111366692772211377233102447657442271987499132119921100021200002
13241116857111896523778776277725314411321444290132499879689936000675839123
85743111574224328972779081277228844990543254400912399963999908100065748219
90132417116859205821767767767721441132145691448716399810247089120000869102
88769457111118956421772312227711447342421255449801291657481092847320010044
71536247903111122262777564327790844990132114476413299571029384916517400107
75849301324111224521777896427764714488756444890712396574839102938475810001
86734511142311189764776578237787512447223144754132496809182138400023300010
99081421118113647012779908217790718244444442271920399819382748190068005748
